3 1
2 2
6 3
7 4
14 5
1 6
16 7
13 8
21 9
5 10
25 11
18 12
29 13
10 14
11 15
12 16
4 17
9 18
15 19
8 20
23 21
35 22
33 23
22 24
28 25
38 26
43 27
20 28
30 29
27 30
19 31
24 32
34 33
37 34
36 35
17 36
45 37
56 38
57 39
39 40
32 41
49 42
42 43
40 44
60 45
51 46
41 47
46 48
48 49
52 50
55 51
62 52
63 53
61 54
73 55
53 56
87 57
54 58
68 59
89 60
44 61
59 62
66 63
71 64
72 65
47 66
80 67
65 68
75 69
78 70
84 71
88 72
76 73
100 74
110 75
94 76
50 77
82 78
79 79
99 80
83 81
67 82
70 83
74 84
81 85
85 86
103 87
90 88
91 89
98 90
86 91
95 92
96 93
101 94
119 95
107 96
106 97
92 98
105 99
77 100
114 101
104 102
142 103
108 104
109 105
112 106
153 107
121 108
118 109
122 110
128 111
137 112
138 113
115 114
117 115
139 116
111 117
140 118
125 119
167 120
183 121
143 122
145 123
127 124
123 125
93 126
141 127
26 128
124 129
146 130
147 131
196 132
219 133
31 134
126 135
224 136
148 137
251 138
151 139
154 140
157 141
129 142
150 143
158 144
135 145
255 146
163 147
149 148
152 149
97 150
132 151
159 152
133 153
164 154
155 155
168 156
130 157
174 158
180 159
160 160
169 161
116 162
131 163
178 164
58 165
161 166
156 167
134 168
179 169
136 170
171 171
170 172
172 173
173 174
189 175
197 176
264 177
120 178
290 179
182 180
144 181
184 182
165 183
301 184
187 185
188 186
190 187
191 188
162 189
193 190
195 191
166 192
176 193
201 194
202 195
185 196
64 197
69 198
175 199
200 200
203 201
177 202
186 203
102 204
204 205
205 206
206 207
198 208
208 209
194 210
218 211
211 212
227 213
229 214
199 215
210 216
181 217
220 218
305 219
215 220
216 221
309 222
212 223
213 224
225 225
231 226
243 227
353 228
214 229
222 230
113 231
223 232
356 233
207 234
228 235
245 236
358 237
235 238
237 239
230 240
240 241
242 242
261 243
244 244
365 245
232 246
246 247
241 248
221 249
248 250
254 251
263 252
256 253
252 254
192 255
209 256
234 257
253 258
258 259
266 260
267 261
269 262
259 263
270 264
271 265
272 266
375 267
217 268
265 269
278 270
279 271
236 272
392 273
274 274
280 275
226 276
281 277
404 278
262 279
275 280
238 281
276 282
233 283
239 284
409 285
260 286
289 287
247 288
282 289
277 290
283 291
285 292
295 293
291 294
297 295
296 296
249 297
287 298
284 299
257 300
288 301
293 302
410 303
298 304
419 305
250 306
268 307
286 308
292 309
273 310
300 311
307 312
311 313
299 314
313 315
294 316
303 317
304 318
308 319
315 320
316 321
314 322
302 323
320 324
322 325
332 326
312 327
342 328
327 329
319 330
329 331
420 332
310 333
317 334
306 335
321 336
348 337
318 338
355 339
323 340
430 341
325 342
324 343
433 344
337 345
326 346
330 347
328 348
340 349
331 350
333 351
335 352
341 353
334 354
350 355
336 356
385 357
344 358
388 359
338 360
446 361
349 362
512 363
346 364
357 365
351 366
343 367
345 368
352 369
360 370
359 371
363 372
362 373
389 374
364 375
377 376
369 377
370 378
347 379
372 380
515 381
374 382
379 383
368 384
361 385
417 386
383 387
384 388
371 389
520 390
366 391
436 392
386 393
391 394
528 395
376 396
393 397
394 398
395 399
382 400
373 401
396 402
390 403
399 404
397 405
405 406
402 407
440 408
406 409
400 410
403 411
407 412
381 413
408 414
339 415
387 416
412 417
413 418
431 419
442 420
354 421
416 422
367 423
398 424
421 425
414 426
401 427
541 428
423 429
415 430
427 431
424 432
437 433
378 434
422 435
426 436
439 437
441 438
443 439
444 440
445 441
564 442
425 443
448 444
380 445
566 446
447 447
429 448
573 449
584 450
432 451
451 452
411 453
453 454
435 455
454 456
450 457
452 458
457 459
465 460
418 461
428 462
455 463
468 464
471 465
477 466
449 467
458 468
464 469
463 470
467 471
434 472
456 473
482 474
474 475
627 476
633 477
466 478
459 479
485 480
462 481
472 482
487 483
476 484
469 485
475 486
488 487
438 488
461 489
489 490
494 491
470 492
653 493
479 494
498 495
499 496
501 497
478 498
460 499
490 500
491 501
495 502
502 503
503 504
504 505
509 506
473 507
510 508
514 509
480 510
484 511
492 512
496 513
513 514
497 515
481 516
516 517
521 518
522 519
523 520
524 521
671 522
505 523
511 524
493 525
483 526
486 527
500 528
525 529
530 530
539 531
519 532
542 533
544 534
534 535
545 536
526 537
506 538
676 539
507 540
536 541
550 542
553 543
527 544
702 545
540 546
552 547
555 548
558 549
518 550
529 551
563 552
704 553
532 554
546 555
551 556
567 557
533 558
508 559
571 560
715 561
517 562
570 563
572 564
535 565
561 566
543 567
574 568
537 569
575 570
576 571
577 572
718 573
583 574
578 575
580 576
585 577
538 578
547 579
531 580
586 581
595 582
589 583
549 584
548 585
554 586
568 587
556 588
559 589
562 590
557 591
582 592
569 593
590 594
593 595
601 596
588 597
565 598
724 599
604 600
581 601
598 602
579 603
602 604
755 605
596 606
587 607
606 608
610 609
597 610
594 611
613 612
591 613
600 614
607 615
616 616
617 617
618 618
758 619
620 620
622 621
763 622
770 623
623 624
624 625
599 626
635 627
605 628
560 629
779 630
802 631
614 632
615 633
608 634
812 635
619 636
603 637
609 638
636 639
612 640
625 641
637 642
626 643
621 644
640 645
821 646
630 647
628 648
646 649
643 650
662 651
663 652
666 653
611 654
631 655
673 656
675 657
828 658
641 659
677 660
629 661
632 662
634 663
592 664
830 665
679 666
647 667
680 668
649 669
650 670
639 671
655 672
682 673
683 674
638 675
644 676
645 677
659 678
664 679
651 680
667 681
688 682
642 683
652 684
648 685
657 686
834 687
678 688
845 689
848 690
689 691
656 692
660 693
661 694
685 695
690 696
856 697
684 698
691 699
668 700
665 701
687 702
654 703
670 704
669 705
692 706
693 707
696 708
697 709
698 710
706 711
700 712
701 713
694 714
658 715
674 716
712 717
705 718
863 719
707 720
709 721
713 722
714 723
716 724
681 725
878 726
710 727
686 728
711 729
882 730
733 731
672 732
708 733
699 734
719 735
725 736
720 737
721 738
723 739
703 740
722 741
729 742
726 743
717 744
727 745
731 746
734 747
732 748
728 749
735 750
740 751
741 752
737 753
743 754
736 755
744 756
751 757
757 758
745 759
695 760
742 761
746 762
753 763
730 764
739 765
761 766
764 767
738 768
776 769
762 770
885 771
748 772
766 773
749 774
754 775
747 776
750 777
768 778
756 779
886 780
772 781
769 782
752 783
760 784
765 785
773 786
774 787
778 788
777 789
783 790
785 791
782 792
907 793
791 794
911 795
918 796
784 797
767 798
781 799
790 800
787 801
786 802
793 803
771 804
759 805
775 806
789 807
804 808
796 809
792 810
803 811
929 812
811 813
817 814
794 815
805 816
798 817
788 818
795 819
800 820
797 821
808 822
813 823
806 824
815 825
827 826
934 827
807 828
814 829
823 830
824 831
826 832
835 833
831 834
780 835
799 836
801 837
818 838
833 839
836 840
810 841
819 842
822 843
838 844
820 845
847 846
839 847
840 848
935 849
844 850
809 851
851 852
841 853
843 854
832 855
852 856
859 857
857 858
942 859
862 860
864 861
837 862
865 863
866 864
867 865
870 866
846 867
876 868
879 869
880 870
861 871
883 872
953 873
825 874
854 875
884 876
869 877
887 878
873 879
888 880
816 881
889 882
890 883
881 884
871 885
894 886
895 887
829 888
892 889
896 890
849 891
875 892
900 893
850 894
905 895
969 896
908 897
891 898
897 899
902 900
853 901
909 902
913 903
914 904
906 905
903 906
904 907
893 908
973 909
921 910
858 911
985 912
917 913
901 914
928 915
926 916
912 917
930 918
915 919
899 920
922 921
842 922
855 923
924 924
916 925
931 926
923 927
937 928
860 929
938 930
939 931
940 932
--- 933
868 934
872 935
898 936
910 937
919 938
933 939
941 940
927 941
932 942
936 943
943 944
948 945
949 946
920 947
946 948
947 949
952 950
960 951
955 952
944 953
874 954
971 955
961 956
951 957
959 958
963 959
950 960
925 961
877 962
972 963
964 964
957 965
974 966
945 967
970 968
966 969
977 970
979 971
982 972
983 973
986 974
975 975
956 976
954 977
965 978
968 979
958 980
989 981
988 982
984 983
992 984
962 985
998 986
980 987
987 988
--- 989
--- 990
--- 991
991 992
993 993
--- 994
--- 995
997 996
--- 997
995 998
999 999
--- 1000
